3
2 1
0 1 9
0
3 3
0 1 1
1 2 3
2 0 6
2
39 188
0 5 293
0 13 807
0 15 739
0 18 336
0 20 225
0 28 225
0 32 196
0 33 396
0 34 813
1 3 889
1 5 168
1 6 353
1 7 412
1 10 813
1 14 944
1 15 958
1 22 913
1 31 252
1 34 865
2 15 261
2 28 716
2 29 311
2 32 45
3 12 931
3 14 996
3 17 735
3 21 180
3 22 12
3 25 557
3 27 169
3 29 175
3 30 121
3 33 468
4 5 175
4 7 566
4 14 283
4 15 664
4 16 384
4 17 162
4 19 421
4 23 420
4 24 4
4 25 789
4 26 669
4 27 34
5 8 872
5 11 569
5 13 91
5 16 314
5 23 705
5 24 15
5 25 509
5 26 435
5 37 239
5 38 969
6 10 682
6 14 465
6 15 911
6 21 370
6 24 205
6 25 560
6 32 966
6 37 716
6 38 37
7 13 8
7 19 746
7 30 753
7 31 547
7 37 257
8 10 75
8 13 646
8 23 411
8 31 873
9 16 651
9 17 366
9 19 679
9 21 340
9 22 417
9 23 275
9 27 360
9 31 947
9 36 612
9 38 634
10 14 462
10 15 240
10 17 918
10 21 151
10 29 354
10 31 9
10 33 719
11 13 6
11 14 794
11 18 547
11 20 828
11 24 85
11 28 21
11 32 80
11 35 584
11 36 534
12 13 320
12 15 548
12 27 625
12 28 393
12 36 328
12 38 485
13 14 782
13 18 89
13 19 624
13 21 33
13 24 224
13 27 245
14 15 869
14 24 461
14 28 542
14 30 370
14 36 832
15 20 187
15 23 373
15 24 711
15 29 84
15 34 107
15 37 535
16 25 618
16 27 849
16 31 581
16 36 684
17 23 993
17 24 737
17 27 421
17 29 295
17 31 508
17 33 65
17 35 873
17 36 59
18 21 361
18 33 714
18 34 511
19 20 965
19 22 55
19 28 480
19 31 842
19 32 603
19 35 415
20 21 538
20 22 751
20 23 909
20 28 7
20 29 299
20 30 587
20 31 323
20 32 450
20 34 128
20 35 951
20 36 816
21 24 565
21 29 20
21 37 55
22 23 389
22 27 298
22 28 665
22 30 711
23 26 569
23 33 570
23 35 751
24 26 287
24 27 256
24 30 191
24 31 769
26 27 776
26 35 545
26 37 424
27 28 494
27 32 519
28 31 956
28 32 401
28 33 710
28 35 282
28 36 907
29 32 322
30 33 815
30 37 313
31 34 881
31 37 382
32 33 862
32 37 839
32 38 561
33 38 39
37 38 385
10



# Outputs
# -------
# 0 9
# 4 3 0
# 436 261 315 331 279 275 480 192 75 491 0 190 504 184 462 240 589 441 273 398 218 151 343 486 275 784 562 313 211 171 452 9 270 506 346 493 500 206 517